Industrial1
Stage1 5550 81.0 59.2 79.3
Stage2-1 6490 89.6 65.9 89.5
Stage2-2 7470 84.8 61.3 83.0
Stage3-1 6000 88.4 64.8 88.0
Stage3-2 6900 83.7 60.2 81.9
---
Industrial2
Stage1-1 6490 60.5 60.5 67.9 86.3 65.3 84.8 119.8 84.5 114.2
Stage1-2 7470 55.6 55.6 63.0 81.4 60.4 79.9 114.9 79.6 109.3
Stage2-1 6000 57.3 57.3 64.5 84.9 63.9 82.5 118.7 82.7 111.2
Stage2-2 6900 52.8 52.8 60.0 80.4 59.4 78.0 114.2 78.2 106.7
---
Industrial3
Stage1-1 7220 61.6 61.6 68.6 114.5 84.1 114.7 196.6 114.8 172.2
Stage1-2 8320 56.1 56.1 63.1 109.0 78.6 109.2 191.1 109.3 166.7
Stage1-3 9810 55.2 55.2 62.5 108.4 77.3 108.6 178.7 101.0 155.5
Stage2-1 6630 60.0 60.0 67.0 112.3 82.3 112.3 193.5 112.6 168.5
Stage2-2 7380 56.2 56.2 63.2 108.5 78.5 108.5 189.7 108.8 164.7
Stage2-3 8190 54.5 54.5 61.6 106.8 76.9 106.8 188.1 107.2 163.0 
Stage3-1 6590 59.5 59.5 66.4 112.4 82.4 112.0 193.3 112.8 168.6
Stage3-2 7520 54.8 54.8 61.7 107.7 77.7 107.3 188.6 108.1 163.9
Stage3-3 8090 53.7 53.7 60.6 106.6 76.6 106.2 187.5 107.0 162.8
---
Season
light-load 23:00 09:00 
middle-load 09:00 10:00 17:00 23:00
max-load 10:00 17:00
---
Season-Winter
light-load(winter) 23:00 09:00
middle-load(winter) 09:00 10:00 12:00 17:00 20:00 22:00
max-load(winter) 10:00 12:00 17:00 20:00 22:00 23:00
---